1. Creating KD-Trees: Insert (50,30), (30,25), (40,25), (70,30), (70,25) into a KD-Tree
    iter-1: (30,25), (40,25), (50,30), (70,30), (70,25)
                              (50,30)
    iter-2: (30,25), (40,25) -- (70,25), (70,30)
                              (50,30)
                              /      \
                           (40,25)   (70,30)
    iter-3: (30,25) -- (70,25)
                              (50,30)
                              /      \
                           (40,25)   (70,30)
                            /         /
                        (30,25)    (70,25)  
